2.168540915595895626e+02
3.178200767237545392e+02
8.854319259632106878e+02
5.112388951898061151e+01
9.787011790530864630e+01
9.033511680645505066e+02
2.370531785452558609e+02
9.138007767233644927e+02
5.469568728733360103e+02
1.258090464529422263e+02
9.211964697975121226e+02
8.391860744948630781e+02
7.992879539003477021e+02
4.539478023907503825e+02
4.001157180240086859e+02
7.413759933127097383e+02
6.865570322599151041e+02
2.475592929605238055e+02
7.560626654074053477e+01
8.021060459549064490e+02
9.304163043338936632e+02
9.365466187801513342e+02
4.301693172679712234e+02
4.324169811462858206e+02
3.255126440959222123e+01
7.399787953452740794e+02
3.578010024057542893e+01
5.349499256284234434e+02
4.478894070484544727e+02
9.637814001380344280e+02
4.704177827349009817e+02
7.391336601986121195e+02
8.019303760813102144e+02
6.898120948603254874e+02
2.354370263821250546e+02
3.336745197253189303e+02
2.462167071487123451e+02
7.133492204939515204e+02
4.590884362027018142e+02
2.135867316782569247e+01
8.896057512455473670e+02
6.921022145467962901e+02
3.452626600105144234e+02
9.632397948560058012e+02
1.203287684800270512e+02
8.715711788739922667e+02
8.573053706463209664e+02
5.795344767991965682e+02
8.934943289629144374e+02
9.465024765596316456e+02
3.388484322015019643e+02
2.049186893169103882e+02
7.250253117210448863e+02
8.496003023804655641e+02
4.919151705471457490e+02
2.958815963023725431e+02
8.970910802518183118e+02
9.019596674684682114e+01
7.393409993649685248e+02
2.621619440271679764e+02
9.552712690991376121e+02
7.137260936788917434e+02
9.323759662519079257e+02
9.878262467439138845e+02
8.270885532711075712e+02
2.916916764722613493e+02
1.399683635415462959e+02
1.097716790405800502e+01
3.878212880599850791e+02
2.726701524698374897e+02
2.532101576757084160e+01
6.577700389637823264e+02
1.041173761556748474e+02
2.002319935696628050e+01
9.744325678517589040e+02
5.474163214623373506e+02
1.731184048379367368e+02
7.422112784468640712e+02
7.332299906422214235e+02
2.212047954408459134e+02
1.058483505739268367e+02
7.442988485592254619e+02
8.076286957597596938e+02
5.799792856239013190e+02
1.084526580023141804e+02
1.030274744048387348e+01
1.331003035720723631e+02
5.115888991383388174e+01
8.036197799650464049e+02
7.623470389175679429e+02
5.372390410683113942e+02
1.594022262270792112e+02
3.043499185736155823e+02
5.320632973522681368e+02
7.927483830589495710e+02
6.714907537188165634e+02
4.811330261658525274e+02
8.657035136486925921e+02
5.690214930523627572e+02
1.993841158867102195e+02
