2.083333329999999842e+04 1.710000000000000000e+04
2.090000000000000000e+04 1.706666670000000158e+04
2.130000000000000000e+04 1.301666669999999976e+04
2.160000000000000000e+04 1.415000000000000000e+04
2.160000000000000000e+04 1.496666669999999976e+04
2.160000000000000000e+04 1.650000000000000000e+04
2.218333329999999842e+04 1.313333330000000024e+04
2.258333329999999842e+04 1.430000000000000000e+04
2.268333329999999842e+04 1.271666669999999976e+04
2.361666670000000158e+04 1.586666669999999976e+04
2.370000000000000000e+04 1.593333330000000024e+04
2.388333329999999842e+04 1.453333330000000024e+04
2.416666670000000158e+04 1.325000000000000000e+04
2.514916670000000158e+04 1.236583330000000024e+04
2.613333329999999842e+04 1.450000000000000000e+04
2.615000000000000000e+04 1.055000000000000000e+04
2.628333329999999842e+04 1.276666669999999976e+04
2.643333329999999842e+04 1.343333330000000024e+04
2.655000000000000000e+04 1.385000000000000000e+04
2.673333329999999842e+04 1.168333330000000024e+04
2.702611109999999826e+04 1.305194440000000031e+04
2.709611109999999826e+04 1.341583330000000024e+04
2.715361109999999826e+04 1.320333330000000024e+04
2.716666670000000158e+04 9.833333300000000236e+03
2.723333329999999842e+04 1.045000000000000000e+04
2.723333329999999842e+04 1.178333330000000024e+04
2.726666670000000158e+04 1.038333330000000024e+04
2.743333329999999842e+04 1.240000000000000000e+04
2.746250000000000000e+04 1.299222220000000016e+04
