7.700443711939028617e+02
1.323132761281852083e+02
2.594895207422188719e+02
2.672314104069892551e+02
6.868611056192784190e+02
1.563288515276489647e+02
2.806353877034970310e+02
5.972293358196874351e+02
8.727243655467923418e+02
7.008253436392635649e+02
8.187752562125242548e+02
5.776287885170929712e+02
4.831469437313121489e+02
3.603282410817055847e+02
6.822470943489643105e+02
7.641444620405682144e+02
9.349344006562820368e+02
6.778283219646076532e+02
4.494974689430495118e+02
9.822767721068228184e+02
6.134355740476787560e+02
1.694671013902456878e+02
8.158251971223617716e+01
8.495144514756036642e+02
9.707106764420343552e+02
8.788044864329390293e+02
2.661782690736554855e+02
8.529241830988324864e+02
4.204188929410933611e+02
3.144881849433317598e+02
1.141912490900061101e+02
3.881717256830998508e+02
5.970762298328522775e+02
2.619387841127902448e+02
5.101146135391756502e+02
8.697075149548261379e+02
4.717055236892480252e+02
1.067218546226439457e+02
2.999770705604516365e+02
3.498277322966076781e+02
2.878211142670541562e+02
2.793294752919928214e+02
3.109525970879026886e+02
2.798820351210587205e+02
2.167037560646045691e+01
1.937830666096000982e+02
5.234540511477241580e+02
5.508386394002221778e+02
9.404084457829776511e+02
3.059858869357212541e+01
6.401617032630427957e+02
5.900095926418044883e+02
8.539239412395705813e+02
9.164605061896169218e+02
3.805852385269651563e+02
2.513794025885073324e+02
8.515251113042461384e+02
9.374953944524594363e+02
3.317939807546298425e+02
5.085770457322050788e+02
2.040428783710135292e+02
4.721956508169935773e+02
2.355718834049343968e+02
6.067446859291015926e+02
8.305393998183798203e+02
5.332105930822941673e+02
2.422020103231934343e+02
2.398028875244606439e+01
7.950810452848756995e+02
7.571254471860078183e+02
6.022010858574274152e+02
1.703227637977795439e+02
8.804492566243773126e+02
3.152691728850154504e+02
8.102589287641631017e+02
6.229448128253978467e+01
1.569584306390447921e+02
8.652144663298080332e+02
7.348451555572873986e+02
2.859424537348704689e+02
5.312315248294075332e+01
3.952956739109829414e+02
9.774905794075073118e+01
9.699909689179256702e+02
4.690143085006304347e+01
4.412205415744102766e+02
5.216095685784149509e+02
1.813765188259163210e+02
3.787020084176262458e+02
4.736071428029420076e+02
2.154028518509850585e+02
6.954589900846774526e+02
4.308105420075951884e+02
7.687562292201222647e+01
6.011098527360253456e+02
7.958041254021329678e+02
5.111662415444254748e+02
6.000970072926393186e+02
6.826040198256005169e+02
7.869652839221261047e+02
