8.304771375595989014e+01
2.109634282222316859e+00
2.952088735365884276e+01
4.532664502342941404e+01
4.450853656582349771e+01
6.255708919982026117e+01
2.830694814834187056e+01
2.963160056712021984e+00
8.620708846515975665e+01
4.429452021103483617e+01
4.428693315732301627e+00
5.937227477700546530e+01
1.962698086478475901e+01
6.269377239797272239e+01
5.929954154411607448e+01
6.698988803863529995e+01
8.068676100285266273e+01
2.729016995305462245e+01
1.735780185763072936e+01
3.855109887261802015e+01
1.246224439965193387e+00
8.771324275244072055e+01
9.143515778514414194e+01
8.195480352187401252e+01
9.421486400626585578e+01
2.800938776311035028e+01
1.086943698053439711e+01
1.295485771547133513e+00
5.411796958978978012e+01
4.399548081708972802e+01
9.277711188927706587e+01
9.247605019484394617e+00
3.475719772900286131e+01
7.656134099769606394e+01
6.275068184870062993e+01
6.510575411594891193e+01
8.059133921433493697e+01
3.493465834711029228e+00
5.420497146570857439e+01
5.779565144388661224e+01
1.434304851119432200e+01
5.443604804581102741e+01
9.131358990468496017e+01
7.765071768949751174e+01
2.538801337990327411e+01
9.284332455359512437e+01
5.108346438215054519e+01
1.850505478170527596e+01
9.945662331657889865e+01
5.645487784499580997e+00
9.310560498801123686e+00
2.678007411331807575e+01
7.746911793590287232e+01
8.152873173615869007e+01
9.930555378759284224e+01
6.893156439082110865e+01
8.881650022514867260e+01
3.723182649168739999e+01
2.796749607001439841e+01
7.561605018443499659e+01
3.760709376130033643e+00
3.259591519618241051e+01
4.526552483080631362e+01
2.737635165640740453e+01
2.861515924249966503e+01
1.207367657863589461e+00
7.083977469479054889e+01
6.361531447015834573e+01
8.436099578916366681e+01
8.268519562286086000e+01
5.677672922898872798e+01
5.293282466673934294e+01
4.061161671573960774e+01
1.497555493282662908e+01
1.112060013400044767e+01
4.913499888112288261e+01
5.465346835349250654e+01
8.679385759625482422e+01
8.375506949301990289e+01
5.606110931152021948e+01
7.933577096630830283e+01
8.723089420148177453e+00
7.571669391277418981e+01
7.317787876066742569e+01
7.825894704163121673e+01
8.473168350332412047e+01
8.932094444010397183e+01
1.093346698827615171e+01
7.858465034509386271e+01
6.876608672383089527e+01
6.632509855338855687e+01
6.397863800948901769e+01
3.111383883096429059e+01
6.928769511751100652e+01
4.908903161270335858e+01
2.189364128216353400e-01
1.432860759864720279e+01
9.327434782289755333e+01
7.344694403301380703e+01
7.901732031839308945e+01
